Average accuracy: 98.51%
Average precision: 98.01%
Average recall: 97.90%
Average F1 score: 97.91%

--- Classification Reports ---

Iteration 1:
              precision    recall  f1-score   support

           0       0.75      0.75      0.75         4
           1       1.00      0.98      0.99        65
           2       0.98      1.00      0.99        96
           3       0.99      0.97      0.98        71
           4       0.97      1.00      0.98        84
           5       1.00      0.97      0.99        78
           6       0.89      0.97      0.93        32
           7       0.94      0.96      0.95        81
           8       0.97      0.97      0.97        99
           9       1.00      0.69      0.81        16
          10       1.00      0.99      0.99        70
          11       0.99      0.99      0.99       100
          12       0.99      0.99      0.99       100
          13       0.98      0.99      0.99       100
          14       0.98      0.99      0.99       100
          15       0.98      1.00      0.99        99
          16       0.98      0.99      0.98        96
          17       1.00      0.97      0.98        87
          18       0.98      1.00      0.99        96
          19       0.94      0.93      0.94        71
          20       0.99      0.97      0.98        90
          21       1.00      1.00      1.00       100
          22       1.00      1.00      1.00       100
          23       1.00      0.97      0.99        71
          24       0.98      0.99      0.99       100
          25       0.99      0.97      0.98       100
          26       0.95      0.99      0.97       100
          27       0.99      0.97      0.98       100
          28       1.00      1.00      1.00       100
          29       1.00      1.00      1.00       100
          30       1.00      1.00      1.00       100

    accuracy                           0.98      2606
   macro avg       0.97      0.97      0.97      2606
weighted avg       0.98      0.98      0.98      2606


Iteration 2:
              precision    recall  f1-score   support

           0       1.00      1.00      1.00         4
           1       1.00      1.00      1.00        65
           2       1.00      0.97      0.98        96
           3       1.00      0.99      0.99        71
           4       0.99      0.98      0.98        84
           5       0.99      0.97      0.98        78
           6       0.91      0.91      0.91        32
           7       0.98      0.99      0.98        81
           8       0.99      0.97      0.98        99
           9       0.87      0.81      0.84        16
          10       0.99      0.97      0.98        70
          11       1.00      0.99      0.99       100
          12       0.99      0.96      0.97       100
          13       0.99      1.00      1.00       100
          14       0.98      1.00      0.99       100
          15       0.96      0.98      0.97        99
          16       0.98      0.95      0.96        96
          17       0.98      0.99      0.98        87
          18       0.96      0.97      0.96        96
          19       0.97      0.96      0.96        71
          20       0.97      0.96      0.96        90
          21       0.98      1.00      0.99       100
          22       1.00      1.00      1.00       100
          23       0.99      1.00      0.99        71
          24       0.98      0.99      0.99       100
          25       1.00      0.99      0.99       100
          26       0.98      1.00      0.99       100
          27       0.98      0.99      0.99       100
          28       0.95      1.00      0.98       100
          29       1.00      1.00      1.00       100
          30       1.00      1.00      1.00       100

    accuracy                           0.98      2606
   macro avg       0.98      0.98      0.98      2606
weighted avg       0.98      0.98      0.98      2606


Iteration 3:
              precision    recall  f1-score   support

           0       0.67      1.00      0.80         4
           1       1.00      1.00      1.00        65
           2       0.99      1.00      0.99        96
           3       0.99      0.97      0.98        71
           4       0.95      0.99      0.97        84
           5       1.00      0.99      0.99        78
           6       1.00      0.84      0.92        32
           7       0.97      0.94      0.96        81
           8       0.99      0.97      0.98        99
           9       0.81      0.81      0.81        16
          10       0.99      0.99      0.99        70
          11       1.00      0.99      0.99       100
          12       0.98      0.96      0.97       100
          13       0.99      0.99      0.99       100
          14       0.93      1.00      0.97       100
          15       0.99      0.99      0.99        99
          16       0.97      0.99      0.98        96
          17       0.99      0.98      0.98        87
          18       0.98      0.98      0.98        96
          19       0.97      1.00      0.99        71
          20       0.99      0.96      0.97        90
          21       1.00      1.00      1.00       100
          22       1.00      1.00      1.00       100
          23       1.00      0.96      0.98        71
          24       0.99      1.00      1.00       100
          25       1.00      1.00      1.00       100
          26       1.00      1.00      1.00       100
          27       0.97      0.98      0.98       100
          28       0.99      1.00      1.00       100
          29       0.99      1.00      1.00       100
          30       0.99      1.00      1.00       100

    accuracy                           0.98      2606
   macro avg       0.97      0.98      0.97      2606
weighted avg       0.98      0.98      0.98      2606


Iteration 4:
              precision    recall  f1-score   support

           0       1.00      1.00      1.00         4
           1       0.98      0.98      0.98        65
           2       1.00      1.00      1.00        96
           3       0.97      0.96      0.96        71
           4       0.98      1.00      0.99        84
           5       1.00      0.99      0.99        78
           6       0.96      0.84      0.90        32
           7       0.99      0.98      0.98        81
           8       1.00      1.00      1.00        99
           9       0.94      1.00      0.97        16
          10       1.00      0.99      0.99        70
          11       1.00      1.00      1.00       100
          12       0.99      0.98      0.98       100
          13       0.97      0.97      0.97       100
          14       0.99      0.99      0.99       100
          15       0.97      0.97      0.97        99
          16       0.95      0.98      0.96        96
          17       1.00      0.98      0.99        87
          18       0.98      0.98      0.98        96
          19       0.97      0.99      0.98        71
          20       0.98      0.97      0.97        90
          21       1.00      0.99      0.99       100
          22       1.00      1.00      1.00       100
          23       0.99      0.97      0.98        71
          24       0.98      1.00      0.99       100
          25       1.00      1.00      1.00       100
          26       0.99      1.00      1.00       100
          27       0.98      1.00      0.99       100
          28       0.99      1.00      1.00       100
          29       1.00      1.00      1.00       100
          30       0.99      1.00      1.00       100

    accuracy                           0.99      2606
   macro avg       0.99      0.98      0.98      2606
weighted avg       0.99      0.99      0.99      2606


Iteration 5:
              precision    recall  f1-score   support

           0       1.00      1.00      1.00         4
           1       1.00      0.97      0.98        65
           2       0.99      0.97      0.98        96
           3       0.96      0.97      0.97        71
           4       0.98      1.00      0.99        84
           5       1.00      0.99      0.99        78
           6       0.85      0.88      0.86        32
           7       0.98      0.98      0.98        81
           8       0.97      0.97      0.97        99
           9       0.83      0.94      0.88        16
          10       0.97      0.97      0.97        70
          11       0.99      1.00      1.00       100
          12       0.99      0.98      0.98       100
          13       0.97      1.00      0.99       100
          14       0.98      0.99      0.99       100
          15       0.98      1.00      0.99        99
          16       0.99      0.98      0.98        96
          17       0.99      0.97      0.98        87
          18       0.96      0.98      0.97        96
          19       0.99      0.94      0.96        71
          20       0.98      0.94      0.96        90
          21       1.00      0.99      0.99       100
          22       1.00      1.00      1.00       100
          23       1.00      1.00      1.00        71
          24       1.00      0.99      0.99       100
          25       1.00      1.00      1.00       100
          26       1.00      1.00      1.00       100
          27       1.00      0.99      0.99       100
          28       0.99      1.00      1.00       100
          29       1.00      1.00      1.00       100
          30       0.98      1.00      0.99       100

    accuracy                           0.98      2606
   macro avg       0.98      0.98      0.98      2606
weighted avg       0.98      0.98      0.98      2606


Iteration 6:
              precision    recall  f1-score   support

           0       1.00      1.00      1.00         4
           1       1.00      1.00      1.00        65
           2       0.99      1.00      0.99        96
           3       0.99      0.96      0.97        71
           4       0.98      1.00      0.99        84
           5       1.00      1.00      1.00        78
           6       0.97      0.91      0.94        32
           7       0.95      0.99      0.97        81
           8       1.00      0.99      0.99        99
           9       0.88      0.88      0.88        16
          10       0.99      1.00      0.99        70
          11       1.00      1.00      1.00       100
          12       0.96      1.00      0.98       100
          13       0.98      0.99      0.99       100
          14       1.00      0.99      0.99       100
          15       0.98      1.00      0.99        99
          16       0.99      0.98      0.98        96
          17       1.00      0.99      0.99        87
          18       0.99      0.93      0.96        96
          19       0.94      0.96      0.95        71
          20       0.96      0.98      0.97        90
          21       1.00      1.00      1.00       100
          22       1.00      1.00      1.00       100
          23       1.00      0.97      0.99        71
          24       0.97      1.00      0.99       100
          25       1.00      0.99      0.99       100
          26       1.00      0.96      0.98       100
          27       0.97      0.98      0.98       100
          28       1.00      1.00      1.00       100
          29       1.00      1.00      1.00       100
          30       1.00      1.00      1.00       100

    accuracy                           0.99      2606
   macro avg       0.98      0.98      0.98      2606
weighted avg       0.99      0.99      0.99      2606


Iteration 7:
              precision    recall  f1-score   support

           0       1.00      0.75      0.86         4
           1       1.00      0.98      0.99        65
           2       1.00      1.00      1.00        96
           3       0.96      0.97      0.97        71
           4       1.00      0.99      0.99        84
           5       0.99      0.99      0.99        78
           6       0.88      0.88      0.88        32
           7       0.98      0.98      0.98        81
           8       0.99      0.99      0.99        99
           9       1.00      0.94      0.97        16
          10       1.00      1.00      1.00        70
          11       1.00      1.00      1.00       100
          12       0.98      0.97      0.97       100
          13       0.99      1.00      1.00       100
          14       0.99      1.00      1.00       100
          15       0.99      0.98      0.98        99
          16       0.97      0.99      0.98        96
          17       1.00      0.97      0.98        87
          18       0.99      0.98      0.98        96
          19       0.99      0.97      0.98        71
          20       0.98      1.00      0.99        90
          21       1.00      0.99      0.99       100
          22       1.00      1.00      1.00       100
          23       1.00      1.00      1.00        71
          24       0.98      1.00      0.99       100
          25       1.00      1.00      1.00       100
          26       1.00      1.00      1.00       100
          27       0.98      0.99      0.99       100
          28       0.99      1.00      1.00       100
          29       1.00      1.00      1.00       100
          30       0.99      1.00      1.00       100

    accuracy                           0.99      2606
   macro avg       0.99      0.98      0.98      2606
weighted avg       0.99      0.99      0.99      2606


Iteration 8:
              precision    recall  f1-score   support

           0       1.00      1.00      1.00         4
           1       1.00      1.00      1.00        65
           2       1.00      0.96      0.98        96
           3       0.93      0.96      0.94        71
           4       1.00      1.00      1.00        84
           5       1.00      0.99      0.99        78
           6       0.91      0.97      0.94        32
           7       0.97      0.96      0.97        81
           8       1.00      0.99      0.99        99
           9       0.94      0.94      0.94        16
          10       1.00      1.00      1.00        70
          11       1.00      1.00      1.00       100
          12       1.00      0.97      0.98       100
          13       1.00      0.98      0.99       100
          14       1.00      1.00      1.00       100
          15       0.99      0.99      0.99        99
          16       1.00      0.99      0.99        96
          17       0.99      1.00      0.99        87
          18       0.94      0.97      0.95        96
          19       0.95      0.99      0.97        71
          20       0.99      0.98      0.98        90
          21       1.00      1.00      1.00       100
          22       1.00      1.00      1.00       100
          23       1.00      1.00      1.00        71
          24       0.99      1.00      1.00       100
          25       1.00      0.98      0.99       100
          26       0.99      1.00      1.00       100
          27       0.97      0.98      0.98       100
          28       0.99      0.99      0.99       100
          29       1.00      1.00      1.00       100
          30       0.98      1.00      0.99       100

    accuracy                           0.99      2606
   macro avg       0.98      0.99      0.99      2606
weighted avg       0.99      0.99      0.99      2606


Iteration 9:
              precision    recall  f1-score   support

           0       1.00      1.00      1.00         4
           1       0.98      0.98      0.98        65
           2       0.99      1.00      0.99        96
           3       0.96      0.99      0.97        71
           4       0.98      0.99      0.98        84
           5       1.00      0.97      0.99        78
           6       0.85      0.91      0.88        32
           7       0.92      0.95      0.93        81
           8       0.98      0.99      0.98        99
           9       0.82      0.88      0.85        16
          10       1.00      1.00      1.00        70
          11       1.00      1.00      1.00       100
          12       0.99      0.96      0.97       100
          13       0.98      0.99      0.99       100
          14       0.99      0.97      0.98       100
          15       0.98      1.00      0.99        99
          16       0.97      0.97      0.97        96
          17       0.99      0.98      0.98        87
          18       0.98      0.98      0.98        96
          19       0.99      0.96      0.97        71
          20       0.98      0.98      0.98        90
          21       1.00      1.00      1.00       100
          22       1.00      1.00      1.00       100
          23       0.99      0.94      0.96        71
          24       0.99      1.00      1.00       100
          25       1.00      0.99      0.99       100
          26       0.99      1.00      1.00       100
          27       1.00      0.99      0.99       100
          28       0.99      0.98      0.98       100
          29       1.00      0.99      0.99       100
          30       0.99      1.00      1.00       100

    accuracy                           0.98      2606
   macro avg       0.98      0.98      0.98      2606
weighted avg       0.98      0.98      0.98      2606


Iteration 10:
              precision    recall  f1-score   support

           0       1.00      1.00      1.00         4
           1       0.93      0.97      0.95        65
           2       0.99      0.99      0.99        96
           3       0.99      0.97      0.98        71
           4       1.00      1.00      1.00        84
           5       0.99      1.00      0.99        78
           6       0.94      0.97      0.95        32
           7       0.92      0.98      0.95        81
           8       0.99      0.97      0.98        99
           9       0.94      0.94      0.94        16
          10       1.00      0.99      0.99        70
          11       1.00      1.00      1.00       100
          12       0.96      0.99      0.98       100
          13       0.96      0.99      0.98       100
          14       1.00      1.00      1.00       100
          15       1.00      0.99      0.99        99
          16       0.99      0.97      0.98        96
          17       0.99      0.98      0.98        87
          18       1.00      0.98      0.99        96
          19       1.00      0.97      0.99        71
          20       0.96      0.99      0.97        90
          21       1.00      1.00      1.00       100
          22       1.00      1.00      1.00       100
          23       1.00      0.99      0.99        71
          24       1.00      0.98      0.99       100
          25       1.00      0.98      0.99       100
          26       0.99      0.98      0.98       100
          27       0.99      0.96      0.97       100
          28       1.00      1.00      1.00       100
          29       0.99      1.00      1.00       100
          30       0.99      1.00      1.00       100

    accuracy                           0.99      2606
   macro avg       0.98      0.98      0.98      2606
weighted avg       0.99      0.99      0.99      2606


